spania
[
  -0.07323243788227868,
  -0.010760558010245523,
  0.028241271162958985,
  -0.007678376676252328,
  0.04094582385088648,
  -0.01094548085313314,
  -0.14121243114227303,
  -0.06063002663757677,
  0.029380240650529632,
  0.061845325020750415,
  -0.04440113597741936,
  -0.01780584569394309,
  0.015523245170655581,
  0.03891761627450545,
  0.04236720493627667,
  0.009787836694880066,
  -0.13138166023467454,
  0.010074381413924563,
  0.01142454573864594,
  0.02517833659298574,
  0.058981127069518115,
  -0.01436859754111176,
  0.07513148399647526,
  0.007764795045395262,
  -0.033032694622340465,
  -0.15966041616817342,
  -0.04261797167209466,
  -0.008334644308829272,
  -0.0015125905780232186,
  0.014340905439050639,
  -0.032981363167923404,
  -0.049239142010239184,
  -0.0026334666645248367,
  -0.005094842716919711,
  -0.09253024477858882,
  0.059744259079588254,
  -0.04696203839262613,
  0.02342740949409172,
  -0.08283144517213338,
  0.016627080280004432,
  0.03846731300182856,
  -0.09079461484800735,
  0.06683439407131324,
  -0.03989238231727525,
  -0.08846271177654183,
  0.11441660189290398,
  0.07837524309467486,
  0.10207440198686206,
  -0.03410376726257043,
  0.01758346845715298,
  -0.029810743418400808,
  -0.03774758161243011,
  -0.06540811475314381,
  -0.13969669768976148,
  -0.015615782533692866,
  -0.02976818068664381,
  0.005522063858682794,
  0.0683539499173631,
  0.14412396095733265,
  0.006446876154110522,
  -0.01180329177917659,
  -0.09854494048845894,
  -0.013414988826284443,
  0.06581314671056306,
  0.030312702162960257,
  -0.05508254892463714,
  0.07804160129789621,
  -0.053720404813544884,
  -0.12391375631758832,
  0.02660249967208362,
  -0.05654575610832762,
  -0.004203446304738072,
  -0.025372921737949986,
  0.0012142053779683718,
  0.12424790945442969,
  -0.018201187504034756,
  -0.016903255807306356,
  -0.07074945154197856,
  -0.03458066021850981,
  0.03036856226773495,
  0.0018531895740342072,
  0.0770233510987019,
  -0.025469182770454058,
  0.03419510981120368,
  0.01772408950579299,
  0.01478536247472308,
  -0.08925881256372646,
  0.05280805769783967,
  -0.07292277844071984,
  0.047835979313123944,
  0.07627583268025048,
  0.06508225950108294,
  -0.0004480726070272639,
  0.09430604274934631,
  -0.05262471950286926,
  0.005369163687224285,
  0.003641832907116565,
  0.014199362965743118,
  -0.09915385031049748,
  0.029514404132337708,
  -0.14549178043684402,
  -0.02159477936616303,
  0.03276539287023624,
  0.02533044254194581,
  -0.021837994976203028,
  -0.0004085840067953486,
  0.10204559480907006,
  -0.00006049203767710315,
  -0.011985354155376599,
  -0.0041380251533447154,
  0.006933337750827912,
  0.14146818217800952,
  0.04860795598744762,
  -0.06973345427672403,
  -0.020244189768518186,
  0.11279475272044157,
  0.024854992476282478,
  0.05508065544757313,
  -0.0025584177011952194,
  -0.029997197750090195,
  -0.09542756845289546,
  -0.05411286084308445,
  0.04242462690649053,
  0.038272879740051266,
  0.007768019398884942,
  0.03688317136191357,
  -0.008384958778740362,
  -0.005975182033091204,
  0.03248369006062247,
  -0.04283516969220969,
  0.05788189275504071,
  -0.0165600554952955,
  -0.08634264524869191,
  -0.021433656618670874,
  0.07041314166388245,
  -0.07514691026549675,
  0.00831395655307311,
  0.053024516553111536,
  -0.03404172804347321,
  0.014756333800616776,
  -0.06032227586140063,
  -0.06045235368547969,
  -0.12170925286333857,
  -0.019215481146208958,
  -0.08119472157289542,
  -0.1252736171181034,
  0.05187652773562236,
  -0.010703943552308965,
  -0.078878811801016,
  -0.07042444177299172,
  0.04050885845341047,
  -0.06452080811219418,
  -0.011591789378572281,
  -0.09197770387000127,
  0.016783678174218622,
  -0.053358867138095956,
  0.03941195301446633,
  -0.09776699480488804,
  0.07161344917650388,
  -0.03014870629184825,
  -0.017200977230370725,
  -0.04032036129285657,
  0.026025675173288815,
  0.056240475965325915,
  -0.014128232272213569,
  0.009017689580112558,
  -0.018121448830884672,
  0.09236574516157342,
  0.032147964932796126,
  0.058054791512294576,
  0.028441220315809108,
  -0.033104345515785324,
  -0.007361546449729494,
  -0.08387033629643455,
  -0.017127391091985446,
  0.09098347652820994,
  -0.09267911055289389,
  0.06839552034563201,
  -0.0546247274342061,
  0.00430409929273152,
  -0.00003189293787358412,
  -0.04268629885513171,
  0.029598506915726228,
  -0.05610492022097077,
  0.03101644784693195,
  -0.05213419249951444,
  0.0887380253667578,
  0.014476832031520588,
  0.052174441544056864,
  -0.08367351087446276,
  0.002503360995194842,
  0.05221735360714386,
  -0.030532553076074057,
  0.0440073940035636,
  0.026244781858786547,
  -0.046460130275795666,
  -0.09339805468110664,
  0.0342056049394221,
  -0.019945567171877898,
  0.10970121621968383,
  0.06820015300225496,
  -0.00649059826086126,
  -0.08374378216229279,
  -0.10106680892461892,
  -0.042648206551844016,
  -0.045837262388876206,
  -0.015629224195738166,
  0.027531305862481585,
  0.020988351568537948,
  -0.00327174832174519,
  -0.042368394687907804,
  -0.020704489486283,
  -0.014511639860890437,
  0.012113847331538448,
  0.07539979070899983,
  -0.09634496315318039,
  -0.09946041133504248,
  0.07031306076922653,
  0.04318597428911398,
  0.026244366711408878,
  0.0007048716763066328,
  -0.002165281677970735,
  -0.02635229996683025,
  0.03828868318565368,
  0.1173741523136102,
  -0.09357367214740696,
  -0.002988761466355055,
  0.026392602170488107,
  -0.06396857096998054,
  0.07026839698671668,
  0.03775010034194708,
  0.04106214358961408,
  0.0924409982179355,
  0.04926902755865855,
  0.014214405729717543,
  -0.020193338011833248,
  -0.02013735007204287,
  -0.02175640839094502,
  0.013201376515074718,
  -0.018608316715127162,
  0.040308595408640645,
  0.023796571705525665,
  0.06887703561322765,
  -0.07173961347713245,
  -0.010714009610524244,
  -0.016662881678555595,
  -0.09612764868928869,
  -0.027728409736962795,
  0.08935902509047775,
  -0.10303187359741087,
  0.11263991287411636,
  -0.010389589654580068,
  0.0344235674382448,
  -0.04258725076614706,
  -0.05171108138007496,
  0.0675529433032399,
  0.003315154321613083,
  0.06126843723729438,
  0.07512648703962453,
  -0.025399620270829794,
  -0.04418779579025293,
  -0.029434979351107327,
  0.011850724898461869,
  0.0401068185947742,
  0.03408750816740716,
  -0.0015159965584906293,
  -0.03541889593314153,
  0.1256207917068395,
  0.10239850045672719,
  0.05487184137937788,
  0.004051834292558904,
  0.016219254937638494,
  -0.1238315773879012,
  -0.014769686864136353,
  0.028371300890695506,
  -0.04682284251455703,
  -0.06424300870048509,
  0.08272151212141714,
  0.005701954305309382,
  0.04372380277965872,
  0.07744890753745132,
  -0.01618653170500957,
  0.057780287965742354,
  -0.009863180881154322,
  -0.030642177297643503,
  -0.011942535753588229,
  -0.03234595226114811,
  -0.04176579054951425,
  0.11980803988234147,
  0.04453803841936548,
  0.043137229911648006,
  0.07475701093627088,
  0.009698685061218598,
  0.07183519862945459,
  -0.028523665041073395,
  -0.0343150772778046,
  0.04284057167089231,
  -0.04772097842673638,
  -0.06885036492559879,
  0.010854291453380058
]

norsk
[
  0.004652885393528989,
  0.03577069868282913,
  0.037900621198733754,
  0.042623608343685546,
  -0.004783174252773348,
  0.03948362188931404,
  0.010943283933491255,
  0.005664290326724829,
  -0.011604879355787238,
  0.04964030854745433,
  -0.04521219557124483,
  0.037617480270178805,
  -0.014725188613644753,
  -0.028974123783940795,
  0.16307901073822711,
  0.012840003200070135,
  0.0831776036937446,
  -0.0029343283125421496,
  0.06086301367930836,
  -0.036685947060376485,
  -0.02100021115595399,
  -0.05293886623745284,
  -0.005666853147564042,
  -0.012861004698432647,
  -0.034209435832115366,
  -0.04854041836455608,
  0.022950273449372567,
  -0.0254302716348819,
  -0.02303376752782235,
  -0.009625116718530552,
  -0.19592280944031149,
  -0.045558773155014366,
  -0.032624131524033866,
  -0.051261654639178006,
  0.011032907081210568,
  -0.07833626031691887,
  0.013143781165764583,
  0.001102369075644122,
  -0.009296393097777675,
  -0.03115258734141085,
  0.004400673590289242,
  0.007550319194452971,
  -0.014627737432379648,
  0.004339927270972821,
  0.027604676967639675,
  0.07720572942458419,
  0.014277853730900044,
  -0.08249427135896434,
  0.09465712693645856,
  0.005077891230224798,
  0.01830315359127234,
  0.023701341783463874,
  -0.04681047210219549,
  0.01830371558491394,
  -0.01646434378171672,
  0.0729492971594434,
  0.13365056053678248,
  -0.04782941665305834,
  0.05506166274817256,
  -0.14952323444499913,
  0.007085363585326697,
  -0.08197999709825865,
  0.05682525814797842,
  0.046430252800038666,
  0.06642155739056987,
  0.01579871146450013,
  0.038408069926102524,
  -0.172089694058626,
  -0.001148911608467553,
  0.023860471303203498,
  -0.061344951975830356,
  -0.024161052582293,
  0.030580058637486057,
  -0.01308176340538771,
  -0.06605317890494103,
  -0.02373989491823056,
  -0.010811941568014455,
  -0.08508317389648756,
  -0.04924580755869579,
  -0.1299699065229595,
  0.02732647342216703,
  0.0003516642753935863,
  0.0017684827042468352,
  -0.053058045984762006,
  0.008242419464686221,
  -0.07343439226513372,
  -0.06683262513578642,
  0.05524415673623971,
  0.006663119956653176,
  -0.007091476889098032,
  0.008487103706228162,
  -0.008970353321247225,
  -0.04221426552944817,
  -0.016659758059247198,
  0.024561919122794026,
  -0.028906866313869132,
  -0.11646290311685865,
  0.00423471204553696,
  0.022318794765543534,
  0.07070633787623284,
  -0.1407715652766207,
  0.07408637166091196,
  0.05518403269041094,
  0.029737552268618322,
  -0.05355798662546015,
  0.020711865758229628,
  0.06807156330325068,
  0.06421970710759836,
  -0.06014666653653969,
  -0.09132678600209548,
  0.0069685055394725645,
  -0.06640635574077926,
  -0.06359112000161506,
  -0.30706225653596,
  0.08028695323026531,
  0.0986346471360901,
  -0.031939497144579006,
  -0.008058877534680113,
  0.06614610260607694,
  -0.026017647728579008,
  -0.04292659525232342,
  -0.03609664015684141,
  -0.012563363221065708,
  -0.013194468169849255,
  -0.004107714465886726,
  -0.0519676076817238,
  -0.05532383370936139,
  0.041549577287358884,
  0.009614359084466916,
  -0.05052734224752306,
  -0.02820552236109025,
  0.04535695623045153,
  0.047378252609016326,
  0.019201579254861562,
  0.014378740863389784,
  -0.004139401726188745,
  0.08951305631802409,
  -0.004993204074514424,
  -0.012848960785192608,
  0.002337014390687636,
  -0.04982367798436252,
  0.012386923184306096,
  0.056786167131508546,
  0.04045370823388304,
  -0.059306020496459166,
  -0.030409529735167966,
  -0.05589382138592977,
  -0.027398670130085498,
  0.11526340466158909,
  0.08666134107079719,
  -0.01865657154649475,
  -0.05961720917368831,
  -0.037213623849313884,
  0.0817709354635833,
  0.08066693512256694,
  -0.047339821888706224,
  0.0023871148255011658,
  -0.019420690003563945,
  -0.09025230609276133,
  -0.005593107247602186,
  -0.0423015618751101,
  -0.036688009558493516,
  -0.04750701036017111,
  -0.04453281388483622,
  -0.0025433077893560916,
  0.054706204552007046,
  -0.0228834611227794,
  0.00435337848677248,
  0.008129919651701232,
  -0.012117337802053573,
  -0.00567597905256432,
  -0.01910746850444967,
  -0.008922111824147537,
  0.022446526831933284,
  0.03099496759996912,
  0.10594877737407354,
  0.019936551942676274,
  -0.009432644097487132,
  0.1614374699706957,
  -0.02883895225716669,
  0.012637300625461543,
  0.22257080444637833,
  -0.012966428584874054,
  0.0021646641096366988,
  0.030545318898518484,
  -0.016740659176934743,
  0.07602454120439674,
  0.0012840701518902025,
  -0.006345080706766433,
  -0.030823042059987246,
  -0.0005120763647806259,
  0.004578365593082123,
  -0.04499666080848637,
  -0.014391117706856449,
  -0.023700368032104666,
  -0.005425521856535643,
  0.0036887238622896473,
  0.0022344255117748976,
  0.022206559256498903,
  0.11162377061930945,
  0.08317462123243868,
  -0.10302326475717011,
  -0.03786318834172128,
  0.031429444327861045,
  -0.01306977791722922,
  0.03558864983824047,
  0.08750816718617083,
  -0.0033341849337763406,
  0.006523225272095786,
  -0.008973116920342883,
  0.03581997977542755,
  -0.008169766484702296,
  -0.02502207506510165,
  -0.010032155915266716,
  0.055307979182468985,
  0.004621878368105046,
  -0.02126346900913615,
  0.007480523015480515,
  0.032090152245346774,
  -0.03639195575953321,
  0.04989435193063164,
  0.015096962245679368,
  -0.01510372749917025,
  -0.017901363378053436,
  0.04800082656851096,
  0.0003359692582476372,
  -0.044639945081994106,
  0.02996082325408014,
  0.07814054556754041,
  -0.08207188955033604,
  0.02265955766262522,
  0.014325907896785865,
  -0.022545229979231658,
  0.06114380276648526,
  -0.004018049585966303,
  -0.07563207303752333,
  0.008840223044367079,
  -0.0060387014338695285,
  -0.06327932667116096,
  -0.03046945532119591,
  0.011434456175045288,
  0.05100420590839021,
  0.007404839350313833,
  -0.009282771707335716,
  0.05208991827149838,
  0.07883815216986442,
  -0.07195211641514998,
  0.043528566487821684,
  -0.001105975897047743,
  0.06359566046509571,
  0.04579536320430567,
  -0.017179066150788878,
  -0.017285837523634977,
  0.025499267019284188,
  0.006153312432539506,
  0.1175577928546818,
  0.02499089832872653,
  0.06427367333530795,
  -0.06057450506230855,
  0.045252195422316635,
  0.009174225324869115,
  -0.057074219476442895,
  -0.024713618455971767,
  -0.006759125348995417,
  0.026029284521012674,
  -0.0847200110086151,
  0.00042503041232535074,
  0.1804557947840477,
  0.019987008955963725,
  -0.039524482351110925,
  0.055106533210804894,
  0.07510119492506975,
  -0.0738334708126628,
  -0.02307351698568749,
  -0.050257648361547655,
  -0.0007838522239002438,
  -0.14312278345380133,
  -0.028296366871228686,
  -0.08302771646547724,
  -0.05123148503992298,
  -0.022702198698336087,
  0.05670634548675635,
  0.021748679110225086,
  -0.04457746919478728,
  0.053489419691655916,
  -0.01998806617172515,
  0.008995697750671808,
  0.036730498503515896,
  0.03915361848106049,
  0.21085176433600197,
  0.003229751491574587,
  -0.02763703147946831,
  -0.0054217594667601106,
  -0.03200825697389059,
  0.0333476491863353,
  0.029001995329988085,
  0.0835767044984476,
  0.019043234300502785,
  0.004382582681108516,
  0.024938013428716786
]